method               cndo                
ident                h2o                 
basis                slater              

charge               0                   
multiplicity         1                   
shell type           closed              

unit                 angstrom            
number of atoms      3                   

    type             coordinates           orbitals   slater
 1   O      0.0000     0.0000     0.0000      0-3    2:2.275
 2   H      1.8142     0.0000     0.0000      4-4    1:1.200
 3   H      0.4535     1.7518     0.0000      5-5    1:1.200

 requested geometry
 bond        1,2           0.96  
 bond        1,3           0.96  
 angle       3,1,2         104.52

 orbitals 
    atom   n,l,m    type
  1   O1    0,0,0     s      occupied(2)
  2   O1    1,1,1     px     occupied(2)
  3   O1    1,1,-1    py     occupied(2)
  4   O1    1,1,0     pz     occupied(2)
  5   H1    0,0,0     s              
  6   H2    0,0,0     s              

 overlap matrix
[[1.     0.     0.     0.     0.4777 0.4792]
 [0.     1.     0.     0.     0.382  0.0959]
 [0.     0.     1.     0.     0.     0.3706]
 [0.     0.     0.     1.     0.     0.    ]
 [0.4777 0.382  0.     0.     1.     0.4206]
 [0.4792 0.0959 0.3706 0.     0.4206 1.    ]]

 coulomb matrix
[[0.8265 0.4999 0.5007]
 [0.4999 0.75   0.422 ]
 [0.5007 0.422  0.75  ]]

 core Hamiltonian matrix
[[-6.4793 -0.     -0.     -0.     -0.3511 -0.3523]
 [-0.     -5.881  -0.     -0.     -0.2808 -0.0705]
 [-0.     -0.     -5.881  -0.     -0.     -0.2724]
 [-0.     -0.     -0.     -5.881  -0.     -0.    ]
 [-0.3511 -0.2808 -0.     -0.     -4.06   -0.1391]
 [-0.3523 -0.0705 -0.2724 -0.     -0.1391 -4.0652]]

 SCF iterations
 cycle          energy (au)        delta     trend
     1         -26.893811
     2         -26.907438        0.013627    -
     3         -26.907581        0.000143    --
     4         -26.907614        0.000033    ---
     5         -26.907622        0.000008    ----
     6         -26.907624        0.000002    -----
     7         -26.907625        0.000001    ------

 SCF iterations converged

 electronic energy   -26.907625 au
 nuclear energy        7.073829 au
 total energy        -19.833796 au    -539.6776 eV   -12445.8952 kcal/mol   -52073.6254 kJ/mol

 binding energy       -0.474370 au     -12.9076 eV

 eigensolution
 [-1.5109 -0.7586 -0.7177 -0.6533  0.2921  0.3749] 

     O s     O px    O py    O pz    H s     H s   
[[-0.8423  0.397   0.0019 -0.     -0.0028  0.3646]
 [-0.0847 -0.6187 -0.4966  0.     -0.3676  0.4779]
 [-0.0661 -0.4855  0.6337 -0.      0.4656  0.3763]
 [ 0.     -0.      0.      1.     -0.     -0.    ]
 [-0.373  -0.3322 -0.422   0.      0.5738 -0.4932]
 [-0.3741 -0.337   0.4169 -0.     -0.5647 -0.5038]]

 density matrix

[[ 1.7342 -0.3505 -0.2718 -0.      0.3629  0.3641]
 [-0.3505  1.273  -0.0174 -0.      0.8933  0.0663]
 [-0.2718 -0.0174  1.2832  0.     -0.163   0.905 ]
 [-0.     -0.      0.      2.      0.     -0.    ]
 [ 0.3629  0.8933 -0.163   0.      0.855   0.1511]
 [ 0.3641  0.0663  0.905  -0.      0.1511  0.8546]]

 charges
 atom    density     charge
  O        6.29      -0.29 
  H        0.86       0.14 
  H        0.85       0.15 

 dipole (debye)
                  x         y         z
 densities     0.8361    0.6473    0.0000
 sp            1.1304    0.8765    0.0000
 pd            0.0000    0.0000    0.0000
 total         1.9665    1.5238    0.0000

 inferred bonds by covalent radii
 bond    O1(1) - H1(2)     1.029   
 bond    O1(1) - H2(3)     1.032   

 -19.8338  in  0.026 s
